-0.050 -0.049
-0.049 -0.048
-0.048 -0.047
-0.047 -0.046
-0.046 -0.045
-0.045 -0.044
-0.044 -0.043
-0.043 -0.042
-0.042 -0.041
-0.041 -0.040
-0.040 -0.039
-0.039 -0.038
-0.038 -0.037
-0.037 -0.036
-0.036 -0.035
-0.035 -0.034
-0.034 -0.033
-0.033 -0.032
-0.032 -0.031
-0.031 -0.030
-0.030 -0.029
-0.029 -0.028
-0.028 -0.027
-0.027 -0.026
-0.026 -0.025
-0.025 -0.024
-0.024 -0.023
-0.023 -0.022
-0.022 -0.021
-0.021 -0.020
-0.020 -0.019
-0.019 -0.018
-0.018 -0.017
-0.017 -0.016
-0.016 -0.015
-0.015 -0.014
-0.014 -0.013
-0.013 -0.012
-0.012 -0.011
-0.011 -0.010
-0.010 -0.009
-0.009 -0.008
-0.008 -0.007
-0.007 -0.006
-0.006 -0.005
-0.005 -0.004
-0.004 -0.003
-0.003 -0.002
-0.002 -0.001
-0.001 0.000
0.000 0.001
0.001 0.002
0.002 0.003
0.003 0.004
0.004 0.005
0.005 0.006
0.006 0.007
0.007 0.008
0.008 0.009
0.009 0.010
0.010 0.011
0.011 0.012
0.012 0.013
0.013 0.014
0.014 0.015
0.015 0.016
0.016 0.017
0.017 0.018
0.018 0.019
0.019 0.020
0.020 0.025
0.025 0.030
0.030 0.035
0.035 0.040
0.040 0.045
0.045 0.050
0.050 0.055
0.055 0.060
0.060 0.065
0.065 0.070
0.070 0.075
0.075 0.080
0.080 0.085
0.085 0.090
0.090 0.095
0.095 0.100
0.100 0.105
0.105 0.110
0.110 0.115
0.115 0.120
0.120 0.125
0.125 0.130
0.130 0.135
0.135 0.140
0.140 0.145
0.145 0.150
0.150 0.155
0.155 0.160
0.160 0.165
0.165 0.170
0.170 0.175
0.175 0.180
0.180 0.185
0.185 0.190
0.190 0.195
0.195 0.200
0.200 0.210
0.210 0.220
0.220 0.230
0.230 0.240
0.240 0.250
0.250 0.260
0.260 0.270
0.270 0.280
0.280 0.290
0.290 0.300
0.300 0.310
0.310 0.320
0.320 0.330
0.330 0.340
0.340 0.350
0.350 0.360
0.360 0.370
0.370 0.380
0.380 0.390
0.390 0.400
0.400 0.410
0.410 0.420
0.420 0.430
0.430 0.440
0.440 0.450
0.450 0.460
0.460 0.470
0.470 0.480
0.480 0.490
0.490 0.500
0.500 0.510
0.510 0.520
0.520 0.530
0.530 0.540
0.540 0.550
0.550 0.560
0.560 0.570
0.570 0.580
0.580 0.590
0.590 0.600
0.600 0.610
0.610 0.620
0.620 0.630
0.630 0.640
0.640 0.650
0.650 0.660
0.660 0.670
0.670 0.680
0.680 0.690
0.690 0.700
0.700 0.710
0.710 0.720
0.720 0.730
0.730 0.740
0.740 0.750
0.750 0.760
0.760 0.770
0.770 0.780
0.780 0.790
0.790 0.800
0.800 0.810
0.810 0.820
0.820 0.830
0.830 0.840
0.840 0.850
0.850 0.860
0.860 0.870
0.870 0.880
0.880 0.890
0.890 0.900
0.900 0.910
0.910 0.920
0.920 0.930
0.930 0.940
0.940 0.950
0.950 0.960
0.960 0.970
0.970 0.980
0.980 0.990
0.990 1.000
1.000 1.010
1.010 1.020
1.020 1.030
1.030 1.040
1.040 1.050
1.050 1.060
1.060 1.070
1.070 1.080
1.080 1.090
1.090 1.100
1.100 1.110
1.110 1.120
1.120 1.130
1.130 1.140
1.140 1.150
1.150 1.160
1.160 1.170
1.170 1.180
1.180 1.190
1.190 1.200
1.200 1.210
1.210 1.220
1.220 1.230
1.230 1.240
1.240 1.250
1.250 1.260
1.260 1.270
1.270 1.280
1.280 1.290
1.290 1.300
1.300 1.310
1.310 1.320
1.320 1.330
1.330 1.340
1.340 1.350
1.350 1.360
1.360 1.370
1.370 1.380
1.380 1.390
1.390 1.400
1.400 1.410
1.410 1.420
1.420 1.430
1.430 1.440
1.440 1.450
1.450 1.460
1.460 1.470
1.470 1.480
1.480 1.490
1.490 1.500
